0	2012年5月19日	仅需9.9元！即可享受原价50元《想靓美甲高岭弄店》超值美甲套餐：精致修甲+单色甲油+进口亮粉+快干亮油！来想靓，将浪漫与性感穿到指尖上，让低调又奢华的美丽图腾在指尖绽放！	6	50	1.98	9.9	40.1
1	2012年5月18日	仅需35元！即可享受原价90元的丽水市金都汽车装饰汽车全车打蜡套餐：电脑车身清洗+打蜡服务一次（限5座以下车型）。将您的爱车焕然一新，让您每天都有开新车的感觉！	5	90	3.89	35	55
2	2012年5月15日	仅需138元！丽水佰家大丰收鱼庄推出原价256元超值2-6人美食套餐：金椒脆鱼锅+梅干菜元宝虾+蛋黄紫薯+贡丸+生菜+金针菇+开胃凤爪+萝卜片+鸭血+高山娃娃菜+原磨黄豆豆浆+餐具！想不到的实惠！hold住的美味！	39	256	5.39	138	118
3	2012年5月14日	六一儿童节礼物 品牌特卖智立方 儿童钓鱼玩具 亲子互动玩具 创意儿童玩具 原价35元 ，现团购价仅需28元！	5	35	8	28	7
4	2012年5月3日	仅需49元！北斗星量贩海鲜团购第二波开团！团购成功后凭绿谷团短信可抵用北斗星量贩海鲜100元面值菜金券+饮料跟冷饮免费畅饮！同个账号限购2张，单桌不限张数，可叠加使用！	107	100	4.9	49	51
5	2012年4月28日	喜迎五一，仅需198元！即可享受原价688元《风云至尊KTV》欢乐畅响套餐：中包厢费+中果盘2份+小食5份+纸巾2盒+本生啤酒12支！啤酒额外消费买一送一！不限时段，唱响实惠！	13	688	2.88	198	490
6	2012年4月25日	仅需29.9元！A米西式快餐提供原价50.5元双人套餐：手扒鸡一份+麦辣鸡翅一对+中薯一份+葡式蛋挞2只+果汁任选二份！美味套餐，尽在A米！！	7	50.5	5.92	29.9	20.6
7	2012年4月24日	仅需35元！即可享受德纳音乐俱乐部原价165元欢乐套餐：雪花啤酒6瓶+爆米花一份+花生米一份+自点自唱一次，单个卡座限用一张。【我爱记歌词】季军、BOSS乐队驻唱，来德纳与音乐共同释放激情！	14	165	2.12	35	130
8	2012年4月21日	仅需8.8元！丽水市金都汽车装饰提供原价15元电脑洗车套餐：全自动电脑洗车，底盘冲洗，水蜡，风干一步到位，全程仅需5分钟左右(限5座以下车型)！洗掉风尘，留下靓丽，快给你的爱车洗个澡吧！	15	15	5.87	8.8	6.2
9	2012年4月20日	仅需29元！享最高原价70元的脊椎病推拿整脊室推拿套餐：全身保健推拿加拔罐45分钟/颈椎病推拿加整脊45分钟/腰椎病推拿加整脊45分钟（3选1）！男女不限，脊椎病推拿整脊室还原你一个轻松健康的身体！	6	70	4.14	29	41
0	2012年4月19日	仅需78元！丽水盛合缘提供原价150元2-4人美食套餐：翅汤鲍鱼鸡一份+汤菜任选三份+米饭，精选菜式，原汁原味，让你感受真正的鲍汁鲜味！	62	150	5.2	78	72
1	2012年4月16日	仅需128元！斗牛士牛排餐厅推出原价204元豪华双人套餐：精选T骨牛排1份+经典牛排1份，免费无限量供应欧式浓汤+面包+沙拉+甜点+饮品。凭斗牛士会员免费赠原价18元焗香菇1份！感受西班牙的火热风情。精致美食的香气缭绕唇齿间，美好时光与你共享！	388	204	6.27	128	76
2	2012年4月13日	草莓采摘团购开启！莲都区碧湖镇苗圃无公害草莓基地现提供自己动手采摘新鲜草莓活动，原价40元/公斤，现团购价只需30元/公斤！消费满2公斤另赠0.5公斤，满1公斤赠草莓盆栽1盆！无公害草莓，口感香甜！春天哪里去？碧湖苗圃草莓基地摘草莓去！！	15	40	7.5	30	10
3	2012年4月13日	仅需49元！北斗星量贩海鲜团购开团啦！团购成功后凭绿谷团短信可抵用北斗星量贩海鲜100元面值菜金券+饮料跟冷饮免费畅饮！同个账号限购2张，单桌不限张数，可叠加使用！	98	100	4.9	49	51
4	2012年4月12日	仅需58元！丽水俏蚝皇推出原价136元2-4人特制美食套餐4折优惠：生滚明虾粥1份+炭烤生蚝1打[12只]+炭烤黄鱼1条+小菜2碟。俏蚝皇，食界凡尚烧烤，真正的烧烤品牌！消费前请预约。	86	136	4.26	58	78
5	2012年4月11日	仅148元！享受丽水府城商务酒店原价238元商务标间或商务单间住宿一晚+双份早餐，免费宽带上网，酒店配备客房100间、高档时尚的商务中心及多功能会议厅，给您的商务与休闲带来一流的设施和服务。本次团购特价房除外。	7	238	6.22	148	90
6	2012年4月7日	仅需48元！丽水QQ农场涮涮锅提供原价70元超值双人套餐：普通锅底2份+肥牛/羊肉任选1份+丸类拼盘1份+老油条1份+蛋饺豆腐丸1份+里脊肉、牛肉片拼盘1份+豆腐1份+粉丝、山粉面拼盘1份+蔬菜大拼盘1份+餐具2份+冰淇淋任选2份！每桌限用一份。	31	70	6.86	48	22
7	2012年4月1日	惊喜价！原价12元的夏款拖鞋，现团购价仅需5元，2双起拍，四种尺码、款式任选！活动仅限7天，活动结束后凭短信到丽水信息港领取商品。好机会不容错过！！	4	12	4.17	5	7
8	2012年3月29日	仅需58元！即享原价98元蟹风暴煲庄2-3人美味套餐：青蟹煲，煲内搭配凤爪+明虾+土豆+冬瓜+香干+年糕+鹌鹑蛋+玉米+白菜，免费赠送瓜子，酱萝卜，还有不限量红枣茶免费供饮。快来蟹风暴品尝纯鲜之美吧！	155	98	5.92	58	40
9	2012年3月22日	仅需158元！丽水金都汽车装饰提供原价300元汽车美容套餐：全车抛光、封釉各一次，专业人员、正规操作流程，无隐性消费！让您的爱车焕然一新！	9	300	5.27	158	142
0	2012年3月20日	仅需48元！即享丽水重庆富侨足浴原价88元震撼“午”折足浴套餐：100分钟高档足浴享受,免费赠送自助餐,尊贵的体验来自于我们的专业！本次团购仅限周一至周日12:00-18:00使用。	247	88	5.45	48	40
1	2012年3月15日	0元免费团购开启！凭绿谷团短信前往海巴鲜享受原价68元超值美味招牌菜：蒜茸开背虾/田螺家鸡锅二选一！来海巴鲜，让你享尽美味，无穷回味！	149	68	0	0	68
2	2012年3月2日	张学友1/2世纪演唱会.丽水站即将开演！绿谷团网络售票，票价380元限53张票。座位号：南六区6排7排，赶紧抢购吧！	25	380	10	380	0
3	2012年3月2日	张学友1/2世纪演唱会.丽水站即将开演！绿谷团网络售票，票价480元限20张票。座位号：东二区5排1-39，赶紧抢购吧！	9	480	10	480	0
4	2012年3月2日	张学友1/2世纪演唱会.丽水站即将开演！绿谷团网络售票，票价580限16张票。座位号：东四区12排1-31！赶紧抢购吧！	8	580	10	580	0
5	2012年3月2日	张学友1/2世纪演唱会.丽水站即将开演！绿谷团网络售票，票价1080限30张票。座位号：C3区10排25-34！赶紧抢购吧！	14	1080	10	1080	0
6	2012年3月2日	张学友1/2世纪演唱会.丽水站即将开演！绿谷团网络售票，票价2680限6张票。座位号：A3区14排13-18！购票可赠送一瓶威龙干红和张学友《在你身边》正版CD一张！赶紧抢购吧！	2	2680	10	2680	0
7	2012年3月1日	仅需59元！捞仔新二波团购开始啦！原价100元面值的捞仔现金券绿谷团5.9折团购，旗舰店、紫金店双店通用，单桌不限张数，可叠加使用！凭至绿谷团领取的实体券消费[短信不可做任何消费，请仔细查看活动详情]	500	100	5.9	59	41
8	2012年2月21日	仅需40元！即可享受原价90元的丽水市金都汽车装饰汽车全车打蜡套餐：电脑车身清洗+打蜡服务一次（限5座以下车型）。将您的爱车焕然一新，让您每天都有开新车的感觉！	4	90	4.44	40	50
9	2012年2月8日	惊喜价！【智立方】原价35元的小熊一天趣味木书 智力拼图玩具儿童益智玩具（学习版），现团购价28元！让宝宝合理安排时间，玩的更健康！	32	35	8	28	7
0	2012年2月6日	仅需5元！新理念情景作文周末班团购啦！原价56元情景作文课现仅需5元！凭券报名入学还可抵50元现金哦！每人限用一张，仅限1-6年级！孩子作文不给力，让新理念情景写作来帮你吧！	8	56	0.89	5	51
1	2012年1月31日	惊喜价！原价35元的知识多米诺骨牌（认物认字认英文/100片/益智玩具/原木品质）玩具，现团购价仅需25元！让宝宝在玩的同时，快乐学习！健康成长！	13	35	7.14	25	10
2	2012年1月30日	仅需59元！捞仔新年第一期！原价100元面值的捞仔现金券绿谷团5.9折团购，旗舰店、紫金店双店通用，单桌不限张数，可叠加使用！凭至绿谷团领取的实体券消费[短信不可做任何消费，请仔细查看活动详情]	500	100	5.9	59	41
3	2012年1月18日	喜迎新春特惠！Q米寿司原价22元的寿司套餐：鳗鱼细卷1份（12个）+金针菇培根卷1份（12个）。现团购价仅需12.9元。Q米寿司，让你独享寿司的美味！【本期活动需手动发送短信，请仔细查看活动详情】	37	22	5.86	12.9	9.1
4	2012年1月17日	仅需148元！即享畲乡土鸡馆提供的原价211元6-8人土鸡煲火锅套餐：土鸡6斤+木耳1份+香菇1份+油豆腐1份+炒螺丝1份+蔬菜3份+2瓶雪花啤酒/可乐/雪碧三选一。来畲乡土鸡馆，享受新年家庭聚餐！	1	211	7.01	148	63
5	2012年1月12日	拜年啦！绿谷团携森山铁皮枫斗为大家送上福袋礼包一份：红包6个+对联1副+方福1个。新春到来喜事多，龙年祝大家龙飞凤舞 龙腾虎跃 龙肝凤胆 龙行虎步 龙鸣狮吼 龙眉凤目 飞龙在天！每天限30份，连续5天！	94	0	0	0	0
6	2012年1月9日	仅需49元！即可享受绿谷明珠精品酒店中西式自助餐厅提供的原价每人88元的自助套餐：各种美味佳肴，花样甜点，中餐、西餐任你选择！外加39元可得到原价188的台塑牛排一份。除大年三十外均可消费。来绿谷明珠，给您的新年一个浪漫！消费前请提前一天预定。	131	88	5.57	49	39
7	2012年1月4日	仅148元！享受丽水府城商务酒店原价238元商务标间或商务单间住宿一晚+双份早餐，免费宽带上网，酒店配备客房100间、高档时尚的商务中心及多功能会议厅，给您的商务与休闲带来一流的设施和服务。本次团购特价房除外。	13	238	6.22	148	90
8	2011年12月31日	仅需198元！即可享受原价688元《风云至尊KTV》新年畅响套餐：中包厢费+中果盘2份+小食5份+纸巾2盒+本生啤酒12支！风云至尊超值优惠，畅响新年祝福！	50	688	2.88	198	490
9	2011年12月31日	仅需388元！即可享受原价1188元《风云至尊KTV》新年畅响套餐：豪华大包厢带独立卫生间+大果盘2份+小食5份+纸巾2盒+本生啤酒20支！风云至尊超值优惠，畅响新年祝福！	3	1188	3.27	388	800
0	2011年12月30日	立减10元！绿园土鸡蛋5斤装原价65元，现团购价仅需55元，土鸡蛋由野外放养的“绿园香”本鸡所生，营养健康！就选绿园土鸡蛋吧！	7	65	8.46	55	10
1	2011年12月30日	喜迎2012新春，2012年对开七张套装工艺宣纸双月历团购！原价68元大富贵挂历/原价168元观音赐福挂历二选一，团购价仅需15元！精美圆筒包装，买幅挂历，抱个祝福回家！	8	168	0.89	15	153
2	2011年12月30日	仅需8元！丽水市金都汽车装饰提供原价15元电脑洗车套餐：全自动电脑洗车，底盘冲洗，水蜡，风干一步到位，全程仅需5分钟左右(限5座以下车型)！洗掉风尘，留下靓丽，快给你的爱车洗个澡吧！	50	15	5.33	8	7
3	2011年12月29日	仅需108元！即可享受《海巴鲜》原价176元的新年特惠2-4人套餐：六菜一汤！开胃泡菜+炒粉干+红烧水鱼+油爆大虾+家烧子鸡+炒时蔬+三鲜汤+米饭。美味佳肴！尽在海巴鲜！	7	176	6.14	108	68
4	2011年12月27日	叶华家电10倍抢票活动报名开启！！参与绿谷团团购获取短信后前往叶华门店购买实体现金票，5元换50元；10元即可抢100元！限量200张！六大门店活动同时开启！10倍！10倍！10倍！先到先得，抢到就是赚到！	47	100	0	0	100
5	2011年12月21日	仅需158元！丽水风云至尊KTV娱乐会所原价586元唱响套餐：大包厢+大果盘2份+小食4份+纸巾2份+本生啤酒16支！本生啤酒现全场仅需10元！除平安夜、圣诞夜外都可使用，不限时段，唱响实惠！	17	586	2.7	158	428
6	2011年12月19日	捞仔量贩海鲜火锅年底最后一波团购开始啦！仅需55元，即可享受捞仔100元面值的现金券，旗舰店、紫金店双店通用，单桌不限张数，可叠加使用！凭至绿谷团领取的实体券消费[短信不可做任何消费，请仔细查看活动详情]，每个账号限购一张！追加300张，请抓紧！	593	100	5.5	55	45
7	2011年12月14日	仅需58元，即可享受圣瑜伽女子专业瑜伽会所提供的原价435元的瑜伽套餐：5节高温瑜伽+3节常温瑜伽。冬天哪里去健身？圣瑜伽女子专业瑜伽会所陪伴您！两馆通用！	18	435	1.33	58	377
8	2011年12月8日	砂糖桔免费配送开始啦！仅需3.88元，即可享受田野果业提供的市场价7.5元/斤的高档砂糖桔，下单后次日免费配送上门！同城10斤起送。价格为时价，请留意团购页面。	140	7.5	5.17	3.88	3.62
9	2011年12月7日	奶油草莓免费配送开始啦！仅需20元，即可享受田野果业提供的市场价25元/斤的高档奶油草莓，蜜蜂授粉，颗粒大，口感香甜，产品无公害！下单后次日采摘并免费配送上门！同城两斤起送。价格为时价，请留意团购页面。	17	25	8	20	5
0	2011年12月5日	仅需99元，即可获得贵州茅台酒厂集团技术开发公司推出的原价236元的婚庆用酒套餐：茅台婚宴庆典干红葡萄酒一瓶+茅台全家福白酒一瓶！不限份数，如此实惠价格，你心动了吗！！	31	236	4.19	99	137
1	2011年12月2日	阿华山庄新推出美食团购优惠券，仅限200张，前100位抢购者可享受100元美食现金券6.8折，仅需68元！后100位抢购者可享受100元美食团购券7.8折，仅需78元！不限单次使用张数！优惠多多，先抢先得，赶紧团起吧！	8	100	6.8	68	32
2	2011年12月2日	仅需7.5元，即可获得"魅焕IDEA"原价15元的妆容团购券一张，两张团购券可换舞台妆一次，三张团购券可换写真妆或晚妆一次，美丽妆容，从魅焕IDEA开始！！	5	15	5	7.5	7.5
3	2011年12月1日	仅需58元！即享五莲亲亲缙云麻鸭（2只礼盒装，实重856g）/五莲亲亲酱鸭舌（228g）二选一，色泽枣红、骨架酥软、皮韧肉嫩、嫩中藏酥、酥中寓香、回味绵长，来自麻鸭之乡，丽水人自己的美食！	23	88	6.59	58	30
4	2011年11月24日	仅需49元，花园路古堰画乡酒庄提供的原价104元的双人休闲美食套餐：美极鸭舌+南瓜子+鱿鱼丝+茶水，或酱香小冻鱼+酒鬼花生+牛肉干+啤酒/特色果酒，两种套餐任选！免费提供桌游、WIFI,美好时光，来自古堰画乡酒庄！	11	104	4.71	49	55
5	2011年11月24日	仅需89元，花园路古堰画乡酒庄提供的原价182元的4人休闲美食套餐：牛肉干一份+火腿一份+鸭头一份+海草一份+西瓜子一份+果盘一份+啤酒七瓶/花果山果酒1瓶，免费提供桌游、WIFI，美好时光，来自古堰画乡酒庄！	14	182	4.89	89	93
6	2011年11月21日	叶华家电26周年庆典，六大门店0元预报名活动开启！满规定消费就送现金券，最高可送5000元！还有精美礼品！凭短信可在活动优惠基础上另优惠50元！各大品牌助阵、想不到的价格、买得到的惊喜；11月26日叶华家电等你来！	20	50	0	0	50
7	2011年11月18日	仅需68元！即可享受丽水首家休闲床吧---“兰桂坊”原价170元的双人牛排套餐：黑椒牛排2份 美式炸薯条1份 烤鸡尖1份 蜜柚蒟蒻2杯 水果一份。还在犹豫什么！带上你的好心情！出发去"床吧"超值体验吧！	59	170	4	68	102
8	2011年11月8日	仅需49元！享受丽水阿华山庄100元美食现金券：美食加风景，小炒、火锅、野味、小吃美味不断，不限单次使用张数，超低人均消费还有4.9折优惠，赶紧团起，来瓯江畔感受美味的风景吧！	113	100	4.9	49	51
9	2011年11月2日	仅需158元！丽水风云至尊KTV娱乐会所原价388元11月唱响套餐：免包厢费！大果盘2份+小食4份+纸巾2份+本生啤酒16支！本生啤酒现全场仅需10元！大包厢、不限时段、唱响实惠！每天限购三份！	74	388	4.07	158	230
0	2011年11月2日	仅需51元！捞仔量贩海鲜火锅开团啦！原价100元面值的捞仔现金券绿谷团仅需5.1折，旗舰店、紫金店双店通用，单桌不限张数，可叠加使用！凭至绿谷团领取的实体券消费[短信不可做任何消费，请仔细查看活动详情]，每个账号限购一张！	200	100	5.1	51	49
1	2011年11月2日	仅需19.9元！即可享受原价98元甲色美甲生活馆美甲套餐：NFU芭比甲油胶单色、法式二选一+贴花、奥钻（10颗）、饰品（一个）三选一，加28元可享受原价68 元艾丝菲雅金沙飞沫开运手护一次！凭券获赠7折卡！每人限购2份。	17	98	2.03	19.9	78.1
2	2011年10月31日	仅需35元！即可享受原价90元的丽水市金都汽车装饰汽车全车打蜡套餐：电脑车身清洗+打蜡服务一次（限5座以下车型）。将您的爱车焕然一新，让您每天都有开新车的感觉！每人限用5张！	50	90	3.89	35	55
3	2011年10月25日	仅需95元！丽水玖玖咖啡美食提供原价160元3-4人美食套餐：特色炒粉干或特色炒面一份+番茄鱼锅仔一份+鱼香肉丝一份+三杯田鸡一份+油焖茄子或油渣菜心一份！有木有心动，爱美食的你那就赶快行动吧！	16	160	5.94	95	65
4	2011年10月24日	【588】谭咏麟2011再度感动演唱会丽水站即将开启！绿谷团网络售票，580元门票5折团购，仅需300元！最后2天时间，抓紧啦！	42	580	5.17	300	280
5	2011年10月24日	仅需49元！捞仔量贩海鲜火锅开团啦！原价100元面值的捞仔现金券绿谷团仅需4.9折，旗舰店、紫金店双店通用，单桌不限张数，可叠加使用！凭至绿谷团领取的实体券消费[短信不可做任何消费，请仔细查看活动详情]，每个账号限购一张！	200	100	4.9	49	51
6	2011年10月24日	仅需39元！丽水菌王世家山珍火锅提供原价100元面值现金券，现仅需3.9折！单桌不限张数，可叠加使用！凭至绿谷团领取的实体券消费[短信不可做任何消费，请仔细查看活动详情]，每个账号限购一张！	36	100	3.9	39	61
7	2011年10月24日	【1580】谭咏麟2011再度感动演唱会丽水站即将开启！绿谷团网络售票，仅需1080元即可团购原价1580元演唱会中区座位门票！尊贵门票，仅此10张！最后2天！	4	1580	6.84	1080	500
8	2011年10月24日	【1280】谭咏麟2011再度感动演唱会丽水站即将开启！绿谷团网络售票，支付900元即可得到原价1280元演唱会中区座位门票！尊贵门票，仅此10张！最后2天！	3	1280	7.03	900	380
9	2011年10月22日	2012款一汽奔腾B50正式上市！连续7天秒杀，好礼不断！一汽奔腾丽水隆昌4S店提供收纳凳、抱枕被、奔腾B50车模型、奔腾空调被四大礼品总共23件礼品秒杀，最低0元！快来抢吧！	52	100	0.5	5	95
0	2011年10月15日	东风标致308荣耀登场，参与0元竞猜获价值500元油卡！东风标致308于10月20日上市，会员竞猜厂方公布的最低价格，绿谷团抽取5位最接近的会员并赠送价值500元的油卡一张！狮吼式全镀铬进气格栅、C型LED光导带尾灯、动感锋利的造型设计！赶紧来！	502	500	0	0	500
1	2011年10月14日	仅需29.9元！七彩泡泡婴童会所丽水形象店提供原价115元0-1周岁宝宝游泳套餐：游泳+洗澡+抚触，免费游泳圈使用以及游泳指导，让婴儿重温妈妈子宫中的温馨感觉！	9	115	2.6	29.9	85.1
2	2011年10月13日	仅需38元！丽水古堰画乡酒庄提供原价83元双人休闲美食套餐：果酒/奶茶/茶任选一样+鸭掌一份+鱿鱼丝一份+南瓜子一份，免费提供桌游、WIFI，忙碌的一天工作后，享受甘甜带来的美好感觉！	22	83	4.58	38	45
3	2011年10月1日	仅需168元！即可享受丽水市瑾娜美容SPA原价2100元美容养生套餐：精致三层水动力面部护理2次+璇尼尔雅中草药油经络疏通3次+三步通天美眼护理4次+纳米韩式专业汗蒸6次。蒋勤勤、新还珠格格代言，创美时 寻找美丽!寻找你！	25	2100	0.8	168	1932
4	2011年9月28日	天之道足浴喜迎国庆，39.8元团购原价70元水晶足浴套餐：肩颈按摩+搓脚+足部按摩+清脚+下肢前面按摩+腰背部按摩！全程70分钟。丽水店周年庆感恩回馈：套餐外赠送5分钟烫背，并送一张周年店庆体验券。天之道人只做一件事，让顾客享受专业足浴！	80	70	5.69	39.8	30.2
5	2011年9月27日	迎国庆0元抽奖活动开启！丽水纽约纽约婚纱摄影会所提供原价2990元限量珍藏特惠婚纱摄影一套：相册4本+放大照片4张+摆台4幅+DVD电子相册一个+100张入册+服装8套！纽约纽约奢华三周年盛宴，0元等你来拿！	518	2990	0	0	2990
6	2011年9月26日	仅需38元！维罗纳提供原价98元国庆特惠单人牛排套餐：黑椒牛排、沙律牛排、维罗纳牛排三选一+香辣鸡中翅一份+单球冰欺凌一份+玉米浓汤一份+水果一份！维罗纳，有你更浪漫！	40	98	3.88	38	60
7	2011年9月26日	仅需98元！丽水维罗纳咖啡厅提供原价268元国庆特惠双人畅享铁板套餐：香煎银鳕鱼一份+香煎牛仔骨一份+香煎薯饼一份+蜜汁鸡排或法式羊排一份+法式大明虾2只+日式炒乌冬一份+卡布基诺、红酒、现炸苹果汁任选两杯！维罗纳 有你更浪漫！	11	268	3.66	98	170
8	2011年9月23日	0元抵399元！汇福商贸提供婚宴用酒超值优惠：购婚宴用酒满1999元即可享受399元现金减免！贵州茅台酒厂集团技术开发公司荣誉出品，老百姓都喝得起的茅台！	46	399	0	0	399
9	2011年9月22日	仅需68元！美之韵美容养生馆提供原价200元90分钟男性前列腺治疗中医生物电疗健康法男性套餐，预防保健又能调理疾病，以经络学为机理，用电能更深层次的疏通经络刺激穴位，对男性前列腺炎症有显著的效果。增强免疫力、调理疾病，呵护您的健康！每人限购三份！	1	200	3.4	68	132
0	2011年9月19日	仅需12元！西屋往事自助烧烤屋提供原价24元超值烧烤套餐：生蚝3只+羊肉串2串+小黄鱼一条+燕京本生啤酒一瓶！超出套餐外燕京本生啤酒买一送一！美味烧烤，来西屋往事吧，会跳舞的烧烤，真正大众消费，聚餐的好场所！	47	24	5	12	12
1	2011年9月16日	仅需198元！享受原1580元新世纪结婚摄影会所超值特惠套餐：精选入册20张+8寸pvc杂志册一本+一次彩妆+3套服装+3个造型+外景拍摄+20寸版画设计海报一幅+10寸水晶摆台+3寸钱包照+假睫毛+光盘刻录。新世纪为您精心拍摄，定格你一生中最美丽的一刻	54	1580	1.25	198	1382
2	2011年9月15日	【488元套餐】免包厢费，仅需198元！丽水风云至尊KTV娱乐会所提供原价488元唱响套餐：中果盘2份+小食4份+纸巾2份+哈尔滨啤酒10支！超出套餐外消费再享6折优惠！超HI超劲爆，引爆内心感动力量！超值特价,想唱就唱,你就是super麦霸！	27	488	4.06	198	290
3	2011年9月15日	【688元套餐】免包厢费，仅需398元！丽水风云至尊KTV娱乐会所提供原价688元唱响套餐：中果盘2份+小食4份+纸巾2份+哈尔滨啤酒21支！超出套餐外消费再享6折优惠！超HI超劲爆，引爆内心感动力量！超值特价,想唱就唱,你就是super麦霸！	17	688	5.78	398	290
4	2011年9月15日	仅需18元！即可享受原价100元的丽水宝蒸堂虹膜健康检测与咨询一次，透过眼睛虹膜的形象变化来推断人体的健康状况，宝蒸堂养生馆为您的健康打分，量身定做您的健康之路。用眼看健康 眼见为实！	3	100	1.8	18	82
5	2011年9月14日	预付10元，到店支付1670元！享受新世纪结婚摄影会所原价3900元超级优惠套餐：7张放大照片+2本相册+50张入册+2个摆台+360度超豪华实景摄影棚+外景拍摄+新郎、新娘服装8套+底片全送。凭绿谷团券另赠送九百年枕头一对，超级优惠，追加至39对	31	3900	0.03	10	3890
6	2011年9月14日	组团出游预定开始啦！仅需588元！享受价值1388元的古堰画乡在水一方艺术村浪漫畅游，高档餐饮+生态客房+标准泳池+高雅棋牌+露天烧烤+卡啦OK+国粹乒乓+网络遨游+艺术欣赏，吃喝玩乐一条龙全包，以极优价格打包极致享受！	15	1388	4.24	588	800
7	2011年9月13日	10元抵1000元！汽车团购开始啦！丽水汇众提供荣威350周年版、MG3超值导航版汽车团购，10元团购1000元购车抵金券，最多可叠加20张！买车还等什么！快来“为爱冲动”吧！	22	1000	0.1	10	990
8	2011年9月9日	教师节开团啦！仅需9元！维罗纳咖啡厅提供美味生蚝套餐：生蚝六只+西瓜汁一杯，凭教师资格证与绿谷团券消费！祝愿天下老师们节日快乐！	10	40	2.25	9	31
9	2011年9月9日	感动中国，魔幻之旅！西班牙魔术大师LIPAN中国区巡演丽水站开启！原价108元演出门票团购仅需68元！国际顶级魔术团队，特邀美女嘉宾，20个魔幻节目，邀您共同体验魔幻之旅！限量50张！	2	108	6.3	68	40
0	2011年9月9日	iphone4开团啦！凭绿谷团券至店购买原价4280元CMDA版iphone4立减580元并赠送4980元话费！号码、套餐任选！果粉们，该出手啦！	140	580	0	0	580
1	2011年9月7日	仅9.9元！丽水澳美婴幼全能全脑开发中心提供婴幼儿早教体验课三选一团购：创意手工、美术、识字三种课程任选，澳美让我们的宝宝更聪明！	9	90	1.1	9.9	80.1
2	2011年9月7日	仅需18元！丽水宝蒸堂提供健康养生套餐二选一：艾草泡脚+脚部艾灸+颈椎艾灸或全身艾灸任选一次。享受优质低碳生活，享受绿色健康环保！常做养生灸，正气存内不生病，一身轻松，有活力才有动力！	27	60	3	18	42
3	2011年9月6日	仅需28元！丽水宝蒸堂养生馆提供全身艾草熏蒸套餐：香柏木桶全身艾草熏蒸+200元抵金券，到店加20元享受艾草全身驱寒。补元气,通经络，热力和中药共同作用，驱寒滋阴、扶阳固脱、去脂排毒。享受优质低碳生活，享受绿色健康环保！	6	300	0.93	28	272
4	2011年9月2日	仅需2元！丽水健康之家提供健康体检套餐：血压、血糖、血氧检测+吸氧体验+健康之家会员卡，凭绿谷团券购买598元测无忧语音上臂式数字电子血压计仅需198元，并可赠送原价38元国医研多功能拔罐理疗器一套。	4	30	0.67	2	28
5	2011年8月29日	仅需9.9元！美之韵美容养生馆提供原价38元汗蒸套餐：洗浴+汗蒸+茶水，免费提供汗蒸服使用，劳顿于都市生活的宾客舒缓经脉、松懈精神、悦逸身心的绝美体验！仅限女性！消费前先预定哦！	76	38	2.61	9.9	28.1
6	2011年8月26日	中秋回家，带瓶茅台给父亲吧！汇福商贸提供原价118元茅台全家福系列平安福酒500ml（38度）团购仅需49元！贵州茅台酒厂集团技术开发公司荣誉出品，团点茅台跟父亲或好友小酌几杯，老百姓都喝得起的茅台！每人限购2瓶，共200瓶。	39	118	4.15	49	69
7	2011年8月19日	1元抵30元！凭绿谷团券至府城商务酒店住宿可在前台房价的基础上减免30元！除特价房以外，不限房型、天数。贵人房、日式房、豪华房、棋牌房及商务房多种选择。双份早餐、免费宽带上网、高档时尚的商务中心及多功能会议厅，给您的商务与休闲带来一流的设施和服务。	11	30	0.33	1	29
8	2011年8月18日	仅需55元！丽水欧品西点提供原价98元诚意月饼礼盒！蛋黄莲蓉2只+香辣牛肉2只+水晶绿茶2只+清香玉米2只。真空包装，中国红、老味道二种包装任选，送长辈、送领导、送朋友、送老师、送给TA身边的月饼。	14	98	5.61	55	43
9	2011年8月18日	5折仅需12.5元！欧品西点屋提供原价25元水果月饼一斤装团购（单个50g），真空包装，豆沙、草莓、哈密瓜、香橙、水蜜桃、凤梨六种口味任选，在这收获的节日里，欧品为您烘焙可口的月饼，与您的朋友、家人一起分享吧。	54	25	5	12.5	12.5
0	2011年8月16日	仅需12元！逗留时光提供原价24元单人烤鱼套餐：四两左右烤鱼一份+红扎、黄扎、黑扎任选一份。来逗留时光，一起品尝美味的烧烤吧！	22	24	5	12	12
1	2011年8月15日	预付19元，到店支付2880元！即可享受原价4999元纽约纽约时尚婚纱摄影套餐：4张放大照片+4本相册+10个摆台+10套服装+100张入册+底片全送，360度实景影棚+古堰.都市外景拍摄，凭绿谷团券另赠高档不锈钢汤锅1只+贵州茅台全家福酒1套！三年有效哦	7	4999	0.04	19	4980
2	2011年8月12日	仅需148元！丽水龙翔大酒店提供原价220元6人美食套餐：餐前小吃一份+熏鸭脯一份+杭椒牛柳一份+红烧溪鱼一份+农家合菜一份+稀卤鱿鱼一份+干锅萝一份炒时蔬一份+饮料一份+米饭。七主菜一小吃，限6人用餐。	11	220	6.73	148	72
3	2011年8月12日	仅1元! 即可凭团购所得的绿谷团券至NO.one名品店作100元抵金券使用（部分商品除外），或+50元换购原价200元韩版超值T恤一件，或+20元换购原价145元iphone 4保护壳一个。NO.one带你从这里开始，感受不一样的精彩。每人限购一份。	33	100	0.1	1	99
4	2011年8月11日	仅需98元！丽水家天涯城市左岸酒店提供原价155元美食套餐：锅仔鹊山鸡一份+香辣小龙虾一份+红油目斗鱼一份+蒜泥苋菜一份+龙泉土豆饼一份+雪碧、橙汁二选一+水果+米饭。限五人用餐。	15	155	6.32	98	57
5	2011年8月8日	【388元套餐】免包厢费，仅需158元！丽水风云至尊KTV娱乐会所提供原价388元唱响套餐：中果盘2份+小食2份+纸巾2份+麦套1对+本生啤酒10支！超出套餐外消费再享8折优惠！超HI超劲爆，引爆内心感动力量！超值特价,想唱就唱,你就是super麦霸！	87	388	4.07	158	230
6	2011年8月8日	【688元套餐】免包厢费，仅需388元！丽水风云至尊KTV娱乐会所提供原价688元唱响套餐：中果盘2份+小食5份+纸巾2份+麦套1对+本生啤酒24支！超出套餐外消费再享8折优惠！超HI超劲爆，引爆内心感动力量！超值特价,想唱就唱,你就是super麦霸！	40	688	5.64	388	300
7	2011年8月6日	仅18元！享受原价200元丽水宝蒸堂养生套餐：脊椎艾灸+足疗按摩+养生茶+200元抵金券，另到店付款30元即可享受全身汗蒸一次，享受优质低碳生活，享受绿色健康环保！常做养生灸，正气存内不生病，一身轻松，有活力才有动力！	39	300	0.6	18	282
8	2011年8月5日	仅需17元！丽水百合花花行婚庆礼仪提供原价120元七夕玫瑰（11朵）套餐！七夕秒杀开启！心要让你听见，爱要让你看见，十一朵玫瑰，你就是我的唯一！快来抢吧！8月4日、5日14：30秒杀开启，每天5份，每人限秒一份。	8	120	1.42	17	103
9	2011年8月5日	仅售18元！原价303元的章光101超值专业护发套餐1份：固发护发护理/祛脂控油护理/止痒祛屑护理/乌发亮发护理（四选一，时长50分钟，分3次体验完，男女通用）！丽水章光101服务部使用！	12	303	0.59	18	285
0	2011年8月5日	木玩世家提供原价168元解锁类益智玩具现85元团购！适龄6岁以上，八角球、鱼雷、菠萝球、神龙摆尾、十二姐妹、解套游戏六款小礼包，精美包装，锻炼智商的好玩具！亲，江浙沪包邮哦！	1	168	5.06	85	83
1	2011年8月4日	仅18元！享受原价45元丽水刘俊剪艺美发护理套餐：资深设计师洗剪吹+奶疗或水疗（二选一），换个造型，换个心情，让美丽和清凉在这个季节里摇曳！浪漫七夕，让TA看到不一样的你！	24	45	4	18	27
2	2011年8月4日	丽水百合花花行婚庆礼仪提供：原价120元七夕玫瑰（11朵）套餐现68元团购！心要让你听见，爱要让你看见，十一朵玫瑰，你就是我的唯一！快来抢吧！活动仅限100份，每人限团一份。	21	120	5.67	68	52
3	2011年8月4日	仅需17元！丽水百合花花行婚庆礼仪提供原价120元七夕玫瑰（11朵）套餐！七夕秒杀开启！心要让你听见，爱要让你看见，十一朵玫瑰，你就是我的唯一！快来抢吧！8月4日、5日14：30秒杀开启，每天5份，每人限秒一份。	5	120	1.42	17	103
4	2011年8月2日	99咖啡美食餐厅提供原价47元单人商务套餐现22元团购！东方排骨套餐、黑椒牛肉套餐二选一，开业特价意大利浓缩咖啡一杯。周五、周六晚除外全天可预订消费。有木有心动，爱美食的你那就赶快行动吧！	100	47	4.68	22	25
5	2011年8月2日	维罗纳咖啡厅情人节单身派对报团啦！仅58元每位，享受维罗纳单身贵族夜：8月4号、5号晚18：30进场，约会电影欣赏+20款自助餐品+单身联谊活动，所有参与者均可获得礼品一份！每场限32人，只允许35岁以内单身人士参加！IPAD点餐还有美女帅哥服务员哦，给力	3	128	4.53	58	70
6	2011年8月2日	维罗纳咖啡厅浪漫情侣夜报团啦！199元享受维罗纳七夕浪漫情侣套餐：约会电影欣赏+原价315元情侣套餐，所有参与者均可获得礼品一份！本次团购仅限13份，8月6号晚上使用，浪漫电影与精美套餐等着你哦！	4	315	6.32	199	116
7	2011年8月1日	千里之行，始于足下！『天之道足浴丽水店』给你双脚带来温柔呵护！仅需38元即可享受原价80元足浴套餐（天之道足浴80分钟并赠送水果和茶水一份）！天之道人只做一件事，让顾客享受专业足浴！	79	80	4.75	38	42
8	2011年7月28日	仅需88元！佳琦上舍茶楼提供原价208元5人休闲套餐：特级铁观音、特级普洱茶、特级绿茶三选一+美国山核桃一份+开心果一份+南非瓜子一份+绿茶瓜子一份+水果拼盘一份,送4L装农夫山泉一桶。好茶，佳琦的！需消费前一天预订。	11	208	4.23	88	120
9	2011年7月23日	浪漫七夕情人节！创意SUN JAR双色阳光罐，送男女朋友的创意礼品，淘宝均价55元，现团购26.8元包邮！我愿意把世上一切的美好送给你，包括明媚的阳光和温柔的月光！	25	55	4.87	26.8	28.2
0	2011年7月19日	4.5折团168元罗马情缘双人牛排套餐：（T骨牛排、黑椒牛排、菲力牛排、西冷牛排）4选2+蓝山咖啡、招牌冰咖各1杯+水果沙拉、五香花生、薯条各1份+冰激凌2份,《10几款奶茶、雀巢果珍、橙C、柠檬C、雪碧、可乐、王老吉等无限量畅饮！》本团购套餐只限2人使用	182	168	4.51	75.8	92.2
1	2011年7月19日	4.9折团罗马情缘原价68元单人牛排套餐：（黑椒牛排、菲力牛排、西冷牛排）3选1+(卡布奇诺、招牌冰咖)2选1+冰激凌1份+水果沙拉1份+薯条1份，《10几款奶茶、雀巢果珍、橙C、柠檬C、冰镇雪碧、可乐、王老吉等等饮品无限量畅饮！》本团购套餐只限单人使用。	272	68	4.97	33.8	34.2
2	2011年7月16日	七彩泡泡婴童会所丽水形象店提供原价60元1-7岁幼儿游泳嬉水项目，1.65折团购，仅需9.9元！免费游泳圈使用以及游泳指导，快带宝宝来体验2011年的第一个冲浪之旅吧！活动总数200份，每位宝宝只有一次体验机会。	106	60	1.65	9.9	50.1
3	2011年7月13日	最后一天！夏季“享瘦瑜伽"想瘦哪就瘦哪！丽水市天谷瑜伽为您定期打造-型体！三节价值240元享瘦瑜伽课程，现在仅需18元！无需节食轻松减掉脂肪，让您多一份苗条、多一份快乐、自然美丽健康。	29	240	0.75	18	222
4	2011年7月12日	仅需28元！丽水宝蒸堂养生馆提供原价108元养生套餐：45分钟养生灸+足疗按摩+养生茶，常做养生灸，正气存内不生病。健康才是最大的资本，有健康才有将来！	37	108	2.59	28	80
5	2011年7月12日	反季节大团购啦！丽水宝蒸堂养生馆提供原价398元锐珀尔足浴器/按摩洗脚盆、锐珀尔居家按摩枕202款、锐珀尔居家按摩枕203款三选一加送198元足浴套餐劵，仅3.32折团购！每人限购2份，此活动限购90份！	2	596	3.32	198	398
6	2011年7月11日	仅88元！丽水龙翔大酒店提供原价150元四人美食套餐：餐前小吃一份+葱油白切鸡一份+农夫炖猪蹄+石锅土豆泥+干锅包菜+翡翠白玉羹+大瓶饮料一瓶+米饭（不限），限四人用餐。	28	150	5.87	88	62
7	2011年7月8日	淘宝加运费平均售价28.5元的纯金属360度超静音迷你USB风扇/USB铁艺风扇现团18.5元！莲都区免费配送，江浙沪地区另加3元邮费！5种颜色选择，凉透夏天！	32	28.5	6.49	18.5	10
8	2011年7月6日	仅需18元！即可享用原价60元的逗留时光双人套餐：双倍浓缩咖啡、卡布奇诺咖啡、拿铁咖啡、奶茶、果汁任选二份+黑森林蛋糕、抹茶蛋糕、苦尽甘来巧克力蛋糕任选二份，闲暇午后，逗留点滴幸福时光！	27	60	3	18	42
9	2011年7月4日	想拥有一个与众不同的暑假吗？快来感受魔耳教育带给您和孩子的快乐吧！仅需9.9元，即可享受原价68元魔耳特色课程魔耳国际英语（幼儿）或者彩泥王国（软陶）体验课二选一套餐（一节课）。只要您的孩子是在3~8岁的年龄内都可以报名体验哦！	9	68	1.46	9.9	58.1
0	2011年7月1日	仅3.5元！佳琦茶业有限公司提供原价18元的佳琦牌安溪铁观音8g装，丽水人自己的名牌茶叶，好茶，佳琦的！每人限购10份。	31	18	1.94	3.5	14.5
1	2011年6月30日	298元团购原价1380元壹摄影个人写真套餐：8寸PVC杂志册一本+60*120超巨幅照片一张+12张底片+3个时尚造型+绝美服装3套+饰品1套+500元婚纱摄影抵金券。摄影师全程拍摄，高级化妆师全程跟妆，优质的服务才符合您高贵的美丽！	1	1380	2.16	298	1082
2	2011年6月29日	仅8.8元！体验《宝蒸堂养生馆》虹膜检测与足疗按摩二选一套餐,并赠送茶水。舒舒服服的放松您的身体，给您的夏天一个健康的感觉！每人限购5份。	80	48	1.83	8.8	39.2
3	2011年6月28日	丽水花田喜事喜庆用品店提供原价112元凡人居空调毯/舒柔绒毯2.95折团购，现价33元团购，150*200cm，四种花色/颜色选择，让你的夏日凉快到底！	14	112	2.95	33	79
4	2011年6月22日	茅台全家福系列小福酒（180ml）现价7.99元团购，贵州茅台酒厂集团技术开发公司荣誉出品，团点茅台回家跟老爸小酌几杯，老百姓都喝得起的茅台！本期每人限购2瓶，共300瓶。	61	28	2.85	7.99	20.01
5	2011年6月21日	食享花园餐厅提供：铁板豆腐1份+养颜素三丝1份+蛋花牛肉羹1份+菠萝油条虾1份+私房鸡1份+冰镇蓝莓汁或冰镇花生汁+米饭4份，原价227元，团购价95元，仅限4人用餐，每人限购1份！坐拥白云山森林公园，享受春日带来的浪漫与悠闲！	205	227	4.19	95	132
6	2011年6月17日	鑫伟饮用水经营部提供：原价35元5加仑（18.9升）桶装水水票五张套餐现价17元团购，取自碧湖镇源地自涌泉，先进桶装水消毒，高标准的卫生要求，纯正的乡村天然饮用水。每人限购2份，共100份。	2	35	4.86	17	18
7	2011年6月15日	五丰冷食钟楼经营部提供：原价5元的纯冰糖棒冰5只装现3.5元团购！凭绿谷团发送的团购短信购买一箱任意品种的棒冰[批发价]还可获得2只纯冰糖棒冰或2只小布丁棒冰。炎炎夏日，仿佛含到一颗纯正爽口的冰糖！本次团购每人限购2份，共300份。	22	5	7	3.5	1.5
8	2011年6月11日	夏天来袭，没有一条清凉的被子怎么行！原价319元正品博洋家纺夏凉被/空调被4.98折团购，仅需159元！花型独特，流线型的条纹，细致简约，细密的绗缝工艺。150*200、200*230两种尺寸，自取和快递两种领取方式！	34	319	4.98	159	160
9	2011年6月1日	浙商之家[www.0086tz.com]提供：原价15元单次洗车票现8.5元团购！丽水市区九家网点选择，凭洗车劵直接消费，不限份数，2012年01月01日之前都可消费！	1747	15	5.67	8.5	6.5
0	2011年6月1日	法国兰蔻洗发水+水洗+吹干，只要5元！桐维美容美发会所提供原价20元的洗头服务现2.5折团购！凭团购劵办理会员还可享受额外优惠！炎炎夏日，送给您一个清凉而美丽的心情！本期总共200份，每人限购5份，团完为止！	90	20	2.5	5	15
1	2011年6月1日	中国电信发福利啦！可用手机直接通讯定位的天翼守护宝0元免费送！定位监护，一键呼救！孩子安全全天候掌握，专为孩子量身打造的安全助手！每人限购一台。	31	420	0	0	420
2	2011年5月30日	丽水市民俗乐园游泳馆提供：仅需5元，享受原价15元的室外游泳池游泳票一张，免费淋浴（淋浴用品自带）+免费存衣柜，营业时间想游多久就游多久！室外游泳池开放期间全都有效！每人限购4张，总200张，欲团从速！	204	15	3.33	5	10
3	2011年5月23日	专业中医养生护理机构瑾娜美容SPA提供：26元即可享受价值150元的佛罗论诗面部精致护理一次。 美丽，永远是女人孜孜不倦的追求！你就是这个夏天里最美的那朵花！	17	150	1.73	26	124
4	2011年5月9日	丽水煌上煌烤卤提供：原价10元抵金劵5折团购，三家门店都可消费，每人限购3张，共300张！享受烧烤、卤制、凉拌、清蒸、炒炸等100多个品种烤卤美食，闲暇时刻喝点小酒啃点鸭舌、鸭脖，悠哉悠哉！	108	10	5	5	5
5	2011年4月29日	5.2折！团购原价169元【九洲鹿】黄方块御藤席/凉席套件，凉席X1，枕席X2，180cm、150cm、135cm三种尺寸选择！进口加拿大金叶纯桦木纤维，清凉滑爽不蛀不霉、变色强度高、耐磨不起毛、抗静电抗折断性强、透气性强！夏日家庭必备！	49	169	5.21	88	81
6	2011年4月22日	浙商之家[www.0086tz.com]提供：原价15元单次洗车票，现7.5元团购！丽水市区四家网点选择，凭洗车劵直接消费，不限份数！	576	15	5	7.5	7.5
7	2011年4月21日	捞仔周年店庆，尽享饕餮美食！旗舰店、紫金店联合推出100元面值代金劵，现1.8折团购！2家店可选择消费，代金劵也可以叠加使用！双店同庆，美食天天乐翻天！团购劵仅限30份！每人限购一份！4月21日14:00正式开始抢购！	30	100	1.8	18	82
8	2011年4月14日	食享花园餐厅提供：招牌私房鸡1份+青豆蒸黄鱼1份+韩式豆腐羹1份+菠萝油条虾1份+炒时蔬1份+花生汁1扎+米饭4份，原价220元，团购价99元，仅限4人用餐，总共100份，每人限购1份！坐拥白云山森林公园，享受春日带来的浪漫与悠闲！	100	220	4.5	99	121
9	2011年4月11日	随风奔跑自由是方向，追逐雷和闪电的力量！春天来啦！0元抽奖重新开启！价值750元折叠自行车！女生们抓紧咯！无限参与名额，一位中奖名额，二天开奖一次！抽中为止！	10759	750	0	0	750
0	2011年4月11日	抢购啦！只要8元！大姐刮痧足健火疗中心提供50元抵金劵，凭劵享受中药足疗一次，无需另付任何费用，也可做现金使用！促进血液循环，调节神经系统，疏通经络气血！共20份，每人限购一份！4月11日14:00正式开始抢购！先购先得！	20	50	1.6	8	42
1	2011年3月18日	绿谷团试营业第六期：清炖乳鸽，原味（姜、酒、盐） ，美味又大补，19年老店小琴现烧白鸽店提供现烧白鸽，原价30元，绿谷团团购价15元，可免费送货上门，每人限购一份！共10份！3月18日14：:30分开启团购。请抓紧。	12	30	5	15	15
2	2011年3月17日	绿谷团试营业第五期：口味自然清新，蛋香浓郁，营养丰富，野生放养土鸡所生，营养丰富的绿园土鸡蛋1斤装，原价12元，绿谷团团购1.67折！仅售2元！	51	12	1.67	2	10
3	2011年3月15日	绿谷团试营业第四期：九福黑土猪提供肥而不腻、粑而不烂、色香味形俱佳、解馋美容、被称为“美容食品”的【状元肘】，具有养血润肌、滋阴生津、益肾壮阳的功效，原价35元，绿谷团享受2.86折优惠！限购100份，每人限购2份！	99	35	2.86	10	25
4	2011年3月14日	【昊锐报名入口】绿谷团试营业活动第三期：上海大众斯柯达汽车2011年全民大拼购：3月14日至3月18日，点击绿谷团参与在线拼购报名，前往丽水怡众参与“全民大拼购”活动，即可免费领取价值168元的陶瓷电热水壶一只。	37	168	0	0	168
5	2011年3月14日	【明锐报名入口】绿谷团试营业活动第三期：上海大众斯柯达汽车2011年全民大拼购：3月14日至3月18日，点击绿谷团参与在线拼购报名，前往丽水怡众参与“全民大拼购”活动，即可免费领取价值168元的陶瓷电热水壶一只。	20	168	0	0	168
6	2011年3月14日	【晶锐报名入口】绿谷团试营业活动第三期：上海大众斯柯达汽车2011年全民大拼购：3月14日至3月18日，点击绿谷团参与在线拼购报名，前往丽水怡众参与“全民大拼购”活动，即可免费领取价值168元的陶瓷电热水壶一只。	14	168	0	0	168
7	2011年3月12日	绿谷团试营业活动第二期：春天来啦！-2元抽奖运动大礼包！价值750元折叠自行车+380元瑜伽馆月卡+瑜伽馆贵宾体验劵2张+金沙源饮料1箱+精美毛巾二张，运动全套装备！每位参加的会员即可获得2元！女生们抓紧咯！300份参与名额，一位中奖名额，抽完为止！	300	1330	?	-2	1332
8	2011年3月11日	绿谷团试营业活动第一期第三天：仅售1折！水花电器提供原价280元小天鹅YQ2006微电脑智能电磁炉28元抢购，四位数码显示，满足炒、蒸、煲、煮等八大需求，3月9日、10日、11日连续3天每天抢购10只！	10	280	1	28	252
9	2011年3月10日	绿谷团试营业活动第一期第二天：仅售1折！水花电器提供原价280元小天鹅YQ2006微电脑智能电磁炉28元抢购，四位数码显示，满足炒、蒸、煲、煮等八大需求，3月9日、10日、11日连续3天每天抢购10只！	10	280	1	28	252
0	2011年3月8日	绿谷团试营业活动第一期：仅售1折！水花电器提供原价280元小天鹅YQ2006微电脑智能电磁炉28元抢购，四位数码显示，满足炒、蒸、煲、煮等八大需求，3月9日、10日、11日连续3天每天抢购10只！	10	280	1	28	252
